
#Surface 0 of 1 surfaces

# Contour 0, label:        0
 1.52332  1.73574  0 
 1.52561  1.73974  0 
 1.52791  1.74374  0 
 1.53021  1.74775  0 
 1.53252  1.75175  0 
 1.53483  1.75576  0 
 1.53715  1.75976  0 
 1.53948  1.76376  0 
 1.5418  1.76777  0 
 1.54414  1.77177  0 
 1.54648  1.77578  0 
 1.54882  1.77978  0 
 1.55117  1.78378  0 
 1.55353  1.78779  0 
 1.55556  1.79123  0 
 1.55587  1.79179  0 
 1.55809  1.7958  0 
 1.56033  1.7998  0 
 1.56256  1.8038  0 
 1.56481  1.80781  0 
 1.56705  1.81181  0 
 1.56931  1.81582  0 
 1.57156  1.81982  0 
 1.57383  1.82382  0 
 1.57609  1.82783  0 
 1.57836  1.83183  0 
 1.58064  1.83584  0 
 1.58292  1.83984  0 
 1.58521  1.84384  0 
 1.5875  1.84785  0 
 1.5898  1.85185  0 
 1.5921  1.85586  0 
 1.59441  1.85986  0 
 1.59596  1.86255  0 
 1.59668  1.86386  0 
 1.59886  1.86787  0 
 1.60105  1.87187  0 
 1.60325  1.87588  0 
 1.60545  1.87988  0 
 1.60765  1.88388  0 
 1.60986  1.88789  0 
 1.61207  1.89189  0 
 1.61429  1.8959  0 
 1.61652  1.8999  0 
 1.61874  1.9039  0 
 1.62098  1.90791  0 
 1.62321  1.91191  0 
 1.62546  1.91592  0 
 1.6277  1.91992  0 
 1.62995  1.92392  0 
 1.63221  1.92793  0 
 1.63447  1.93193  0 
 1.63636  1.93528  0 
 1.63672  1.93594  0 
 1.63886  1.93994  0 
 1.64101  1.94394  0 
 1.64317  1.94795  0 
 1.64532  1.95195  0 
 1.64749  1.95596  0 
 1.64966  1.95996  0 
 1.65183  1.96396  0 
 1.654  1.96797  0 
 1.65619  1.97197  0 
 1.65837  1.97598  0 
 1.66056  1.97998  0 
 1.66275  1.98398  0 
 1.66495  1.98799  0 
 1.66716  1.99199  0 
 1.66936  1.996  0 
 1.67158  2  0 

 1.29285  1.36737  0 
 1.29558  1.37137  0 
 1.29832  1.37538  0 
 1.30107  1.37938  0 
 1.30382  1.38338  0 
 1.30659  1.38739  0 
 1.30936  1.39139  0 
 1.31214  1.3954  0 
 1.31313  1.39682  0 
 1.31479  1.3994  0 
 1.31738  1.4034  0 
 1.31998  1.40741  0 
 1.32258  1.41141  0 
 1.3252  1.41542  0 
 1.32781  1.41942  0 
 1.33044  1.42342  0 
 1.33307  1.42743  0 
 1.33572  1.43143  0 
 1.33836  1.43544  0 
 1.34102  1.43944  0 
 1.34368  1.44344  0 
 1.34636  1.44745  0 
 1.34903  1.45145  0 
 1.35172  1.45546  0 
 1.35354  1.45816  0 
 1.35435  1.45946  0 
 1.35686  1.46346  0 
 1.35938  1.46747  0 
 1.3619  1.47147  0 
 1.36443  1.47548  0 
 1.36697  1.47948  0 
 1.36952  1.48348  0 
 1.37207  1.48749  0 
 1.37463  1.49149  0 
 1.37719  1.4955  0 
 1.37976  1.4995  0 
 1.38234  1.5035  0 
 1.38493  1.50751  0 
 1.38752  1.51151  0 
 1.39012  1.51552  0 
 1.39273  1.51952  0 
 1.39394  1.52137  0 
 1.39525  1.52352  0 
 1.39769  1.52753  0 
 1.40014  1.53153  0 
 1.4026  1.53554  0 
 1.40506  1.53954  0 
 1.40753  1.54354  0 
 1.41001  1.54755  0 
 1.41249  1.55155  0 
 1.41498  1.55556  0 
 1.41747  1.55956  0 
 1.41997  1.56356  0 
 1.42248  1.56757  0 
 1.42499  1.57157  0 
 1.42751  1.57558  0 
 1.43004  1.57958  0 
 1.43257  1.58358  0 
 1.43434  1.58638  0 
 1.43506  1.58759  0 
 1.43744  1.59159  0 
 1.43983  1.5956  0 
 1.44222  1.5996  0 
 1.44462  1.6036  0 
 1.44702  1.60761  0 
 1.44943  1.61161  0 
 1.45185  1.61562  0 
 1.45427  1.61962  0 
 1.4567  1.62362  0 
 1.45914  1.62763  0 
 1.46158  1.63163  0 
 1.46402  1.63564  0 
 1.46648  1.63964  0 
 1.46893  1.64364  0 
 1.4714  1.64765  0 
 1.47387  1.65165  0 
 1.47475  1.65307  0 
 1.47625  1.65566  0 
 1.47857  1.65966  0 
 1.4809  1.66366  0 
 1.48324  1.66767  0 
 1.48559  1.67167  0 
 1.48794  1.67568  0 
 1.49029  1.67968  0 
 1.49265  1.68368  0 
 1.49502  1.68769  0 
 1.49739  1.69169  0 
 1.49977  1.6957  0 
 1.50215  1.6997  0 
 1.50454  1.7037  0 
 1.50693  1.70771  0 
 1.50933  1.71171  0 
 1.51174  1.71572  0 
 1.51415  1.71972  0 
 1.51515  1.72138  0 
 1.51648  1.72372  0 
 1.51876  1.72773  0 
 1.52104  1.73173  0 
 1.52332  1.73574  0 

 1.00247  1.003  0 
 1.00637  1.00701  0 
 1.01029  1.01101  0 
 1.01423  1.01502  0 
 1.01818  1.01902  0 
 1.02215  1.02302  0 
 1.02613  1.02703  0 
 1.03013  1.03103  0 
 1.0303  1.03121  0 
 1.03373  1.03504  0 
 1.03732  1.03904  0 
 1.04093  1.04304  0 
 1.04455  1.04705  0 
 1.04818  1.05105  0 
 1.05183  1.05506  0 
 1.05549  1.05906  0 
 1.05917  1.06306  0 
 1.06286  1.06707  0 
 1.06656  1.07107  0 
 1.07028  1.07508  0 
 1.07071  1.07553  0 
 1.07368  1.07908  0 
 1.07705  1.08308  0 
 1.08043  1.08709  0 
 1.08382  1.09109  0 
 1.08723  1.0951  0 
 1.09064  1.0991  0 
 1.09407  1.1031  0 
 1.09752  1.10711  0 
 1.10097  1.11111  0 
 1.10444  1.11512  0 
 1.10792  1.11912  0 
 1.11111  1.12278  0 
 1.11138  1.12312  0 
 1.11456  1.12713  0 
 1.11774  1.13113  0 
 1.12094  1.13514  0 
 1.12414  1.13914  0 
 1.12736  1.14314  0 
 1.13059  1.14715  0 
 1.13383  1.15115  0 
 1.13708  1.15516  0 
 1.14034  1.15916  0 
 1.14362  1.16316  0 
 1.1469  1.16717  0 
 1.1502  1.17117  0 
 1.15152  1.17276  0 
 1.15333  1.17518  0 
 1.15635  1.17918  0 
 1.15938  1.18318  0 
 1.16243  1.18719  0 
 1.16548  1.19119  0 
 1.16854  1.1952  0 
 1.17162  1.1992  0 
 1.1747  1.2032  0 
 1.17779  1.20721  0 
 1.1809  1.21121  0 
 1.18401  1.21522  0 
 1.18714  1.21922  0 
 1.19027  1.22322  0 
 1.19192  1.22532  0 
 1.19329  1.22723  0 
 1.19618  1.23123  0 
 1.19908  1.23524  0 
 1.20199  1.23924  0 
 1.2049  1.24324  0 
 1.20783  1.24725  0 
 1.21076  1.25125  0 
 1.21371  1.25526  0 
 1.21666  1.25926  0 
 1.21963  1.26326  0 
 1.2226  1.26727  0 
 1.22558  1.27127  0 
 1.22857  1.27528  0 
 1.23157  1.27928  0 
 1.23232  1.28028  0 
 1.2344  1.28328  0 
 1.23718  1.28729  0 
 1.23996  1.29129  0 
 1.24276  1.2953  0 
 1.24556  1.2993  0 
 1.24837  1.3033  0 
 1.25119  1.30731  0 
 1.25402  1.31131  0 
 1.25686  1.31532  0 
 1.2597  1.31932  0 
 1.26256  1.32332  0 
 1.26542  1.32733  0 
 1.26829  1.33133  0 
 1.27117  1.33534  0 
 1.27273  1.33749  0 
 1.27396  1.33934  0 
 1.27663  1.34334  0 
 1.27932  1.34735  0 
 1.28201  1.35135  0 
 1.28471  1.35536  0 
 1.28742  1.35936  0 
 1.29013  1.36336  0 
 1.29285  1.36737  0 

 0.233481  0.882883  0 
 0.24205  0.878879  0 
 0.250579  0.874875  0 
 0.259069  0.870871  0 
 0.262626  0.869186  0 
 0.267931  0.866867  0 
 0.277049  0.862863  0 
 0.286124  0.858859  0 
 0.295157  0.854855  0 
 0.30303  0.851349  0 
 0.304268  0.850851  0 
 0.314174  0.846847  0 
 0.324034  0.842843  0 
 0.333848  0.838839  0 
 0.343434  0.834909  0 
 0.343639  0.834835  0 
 0.354701  0.830831  0 
 0.36571  0.826827  0 
 0.376666  0.822823  0 
 0.383838  0.820189  0 
 0.38825  0.818819  0 
 0.401079  0.814815  0 
 0.413846  0.810811  0 
 0.424242  0.807534  0 
 0.427132  0.806807  0 
 0.442967  0.802803  0 
 0.458724  0.798799  0 
 0.464646  0.797286  0 
 0.478134  0.794795  0 
 0.499702  0.790791  0 
 0.505051  0.789793  0 
 0.532635  0.786787  0 
 0.545455  0.785383  0 
 0.585859  0.784361  0 
 0.623066  0.786787  0 
 0.626263  0.786994  0 
 0.649828  0.790791  0 
 0.666667  0.79349  0 
 0.671643  0.794795  0 
 0.68699  0.798799  0 
 0.702414  0.802803  0 
 0.707071  0.804006  0 
 0.714749  0.806807  0 
 0.72578  0.810811  0 
 0.736865  0.814815  0 
 0.747475  0.818628  0 
 0.74788  0.818819  0 
 0.756434  0.822823  0 
 0.76503  0.826827  0 
 0.773668  0.830831  0 
 0.782348  0.834835  0 
 0.787879  0.837374  0 
 0.790434  0.838839  0 
 0.797452  0.842843  0 
 0.804504  0.846847  0 
 0.811589  0.850851  0 
 0.818708  0.854855  0 
 0.82586  0.858859  0 
 0.828283  0.860209  0 
 0.832222  0.862863  0 
 0.838191  0.866867  0 
 0.844188  0.870871  0 
 0.850213  0.874875  0 
 0.856266  0.878879  0 
 0.862346  0.882883  0 
 0.868454  0.886887  0 
 0.868687  0.887039  0 
 0.873682  0.890891  0 
 0.878899  0.894895  0 
 0.884138  0.898899  0 
 0.889401  0.902903  0 
 0.894688  0.906907  0 
 0.899997  0.910911  0 
 0.905331  0.914915  0 
 0.909091  0.917726  0 
 0.910466  0.918919  0 
 0.915101  0.922923  0 
 0.919756  0.926927  0 
 0.924431  0.930931  0 
 0.929126  0.934935  0 
 0.933842  0.938939  0 
 0.938577  0.942943  0 
 0.943333  0.946947  0 
 0.948109  0.950951  0 
 0.949495  0.952108  0 
 0.952474  0.954955  0 
 0.956681  0.958959  0 
 0.960906  0.962963  0 
 0.965149  0.966967  0 
 0.96941  0.970971  0 
 0.973687  0.974975  0 
 0.977983  0.978979  0 
 0.982296  0.982983  0 
 0.986627  0.986987  0 
 0.989899  0.99  0 
 0.99085  0.990991  0 
 0.994708  0.994995  0 
 0.998581  0.998999  0 
 1.00247  1.003  0 

-0.666667  1.17063  0 
-0.661664  1.17117  0 
-0.626263  1.17501  0 
-0.62238  1.17518  0 
-0.585859  1.17676  0 
-0.545455  1.17608  0 
-0.533043  1.17518  0 
-0.505051  1.17312  0 
-0.489483  1.17117  0 
-0.464646  1.16804  0 
-0.459605  1.16717  0 
-0.43668  1.16316  0 
-0.424242  1.16098  0 
-0.415933  1.15916  0 
-0.397758  1.15516  0 
-0.383838  1.15208  0 
-0.380293  1.15115  0 
-0.365029  1.14715  0 
-0.349819  1.14314  0 
-0.343434  1.14146  0 
-0.335726  1.13914  0 
-0.322454  1.13514  0 
-0.30923  1.13113  0 
-0.30303  1.12925  0 
-0.296727  1.12713  0 
-0.284866  1.12312  0 
-0.273046  1.11912  0 
-0.262626  1.11558  0 
-0.261375  1.11512  0 
-0.250547  1.11111  0 
-0.239759  1.10711  0 
-0.22901  1.1031  0 
-0.222222  1.10057  0 
-0.21854  1.0991  0 
-0.208525  1.0951  0 
-0.198545  1.09109  0 
-0.188602  1.08709  0 
-0.181818  1.08435  0 
-0.178845  1.08308  0 
-0.169448  1.07908  0 
-0.160085  1.07508  0 
-0.150757  1.07107  0 
-0.141464  1.06707  0 
-0.141414  1.06705  0 
-0.132536  1.06306  0 
-0.123644  1.05906  0 
-0.114785  1.05506  0 
-0.105959  1.05105  0 
-0.10101  1.0488  0 
-0.0972632  1.04705  0 
-0.0887237  1.04304  0 
-0.0802169  1.03904  0 
-0.0717428  1.03504  0 
-0.0633015  1.03103  0 
-0.0606061  1.02975  0 
-0.0549773  1.02703  0 
-0.0467251  1.02302  0 
-0.0385051  1.01902  0 
-0.0303174  1.01502  0 
-0.0221619  1.01101  0 
-0.020202  1.01004  0 
-0.0140689  1.00701  0 
-0.00601748  1.003  0 
 0.00200182  0.998999  0 
 0.00998904  0.994995  0 
 0.0179442  0.990991  0 
 0.020202  0.98985  0 
 0.0258951  0.986987  0 
 0.033825  0.982983  0 
 0.0417226  0.978979  0 
 0.049588  0.974975  0 
 0.0574211  0.970971  0 
 0.0606061  0.969336  0 
 0.0652912  0.966967  0 
 0.0731763  0.962963  0 
 0.0810287  0.958959  0 
 0.0888484  0.954955  0 
 0.0966354  0.950951  0 
 0.10101  0.948692  0 
 0.104476  0.946947  0 
 0.112396  0.942943  0 
 0.120282  0.938939  0 
 0.128134  0.934935  0 
 0.135953  0.930931  0 
 0.141414  0.928122  0 
 0.143824  0.926927  0 
 0.151864  0.922923  0 
 0.15987  0.918919  0 
 0.16784  0.914915  0 
 0.175776  0.910911  0 
 0.181818  0.907849  0 
 0.18377  0.906907  0 
 0.192032  0.902903  0 
 0.200256  0.898899  0 
 0.208445  0.894895  0 
 0.216596  0.890891  0 
 0.222222  0.888115  0 
 0.224874  0.886887  0 
 0.233481  0.882883  0 

-1.13306  0.822823  0 
-1.13073  0.826827  0 
-1.1284  0.830831  0 
-1.12605  0.834835  0 
-1.12369  0.838839  0 
-1.12132  0.842843  0 
-1.11893  0.846847  0 
-1.11654  0.850851  0 
-1.11414  0.854855  0 
-1.11172  0.858859  0 
-1.11111  0.859864  0 
-1.1091  0.862863  0 
-1.10641  0.866867  0 
-1.1037  0.870871  0 
-1.10098  0.874875  0 
-1.09825  0.878879  0 
-1.09551  0.882883  0 
-1.09275  0.886887  0 
-1.08998  0.890891  0 
-1.0872  0.894895  0 
-1.08441  0.898899  0 
-1.0816  0.902903  0 
-1.07878  0.906907  0 
-1.07595  0.910911  0 
-1.07311  0.914915  0 
-1.07071  0.918276  0 
-1.0702  0.918919  0 
-1.06701  0.922923  0 
-1.0638  0.926927  0 
-1.06058  0.930931  0 
-1.05735  0.934935  0 
-1.0541  0.938939  0 
-1.05084  0.942943  0 
-1.04757  0.946947  0 
-1.04428  0.950951  0 
-1.04098  0.954955  0 
-1.03766  0.958959  0 
-1.03433  0.962963  0 
-1.03099  0.966967  0 
-1.0303  0.967785  0 
-1.02731  0.970971  0 
-1.02353  0.974975  0 
-1.01973  0.978979  0 
-1.01592  0.982983  0 
-1.0121  0.986987  0 
-1.00825  0.990991  0 
-1.0044  0.994995  0 
-1.00052  0.998999  0 
-0.996633  1.003  0 
-0.992729  1.00701  0 
-0.989899  1.0099  0 
-0.988666  1.01101  0 
-0.984212  1.01502  0 
-0.97974  1.01902  0 
-0.975251  1.02302  0 
-0.970744  1.02703  0 
-0.96622  1.03103  0 
-0.961678  1.03504  0 
-0.957118  1.03904  0 
-0.952541  1.04304  0 
-0.949495  1.0457  0 
-0.947722  1.04705  0 
-0.942442  1.05105  0 
-0.937143  1.05506  0 
-0.931823  1.05906  0 
-0.926483  1.06306  0 
-0.921122  1.06707  0 
-0.915742  1.07107  0 
-0.910341  1.07508  0 
-0.909091  1.076  0 
-0.90425  1.07908  0 
-0.897935  1.08308  0 
-0.891596  1.08709  0 
-0.885233  1.09109  0 
-0.878847  1.0951  0 
-0.872438  1.0991  0 
-0.868687  1.10143  0 
-0.865519  1.1031  0 
-0.857891  1.10711  0 
-0.850236  1.11111  0 
-0.842553  1.11512  0 
-0.834842  1.11912  0 
-0.828283  1.12251  0 
-0.826857  1.12312  0 
-0.817465  1.12713  0 
-0.808041  1.13113  0 
-0.798582  1.13514  0 
-0.789091  1.13914  0 
-0.787879  1.13965  0 
-0.777499  1.14314  0 
-0.765565  1.14715  0 
-0.753589  1.15115  0 
-0.747475  1.15319  0 
-0.739749  1.15516  0 
-0.723967  1.15916  0 
-0.708131  1.16316  0 
-0.707071  1.16343  0 
-0.686127  1.16717  0 
-0.666667  1.17063  0 

-1.27567  0.446446  0 
-1.27477  0.45045  0 
-1.27387  0.454454  0 
-1.27296  0.458458  0 
-1.27273  0.459474  0 
-1.27198  0.462462  0 
-1.27098  0.466466  0 
-1.26997  0.47047  0 
-1.26895  0.474474  0 
-1.26792  0.478478  0 
-1.26688  0.482482  0 
-1.26583  0.486486  0 
-1.26478  0.49049  0 
-1.26372  0.494494  0 
-1.26264  0.498498  0 
-1.26156  0.502503  0 
-1.26047  0.506507  0 
-1.25937  0.510511  0 
-1.25827  0.514515  0 
-1.25715  0.518519  0 
-1.25603  0.522523  0 
-1.25489  0.526527  0 
-1.25375  0.530531  0 
-1.2526  0.534535  0 
-1.25144  0.538539  0 
-1.25027  0.542543  0 
-1.2491  0.546547  0 
-1.24791  0.550551  0 
-1.24672  0.554555  0 
-1.24552  0.558559  0 
-1.24431  0.562563  0 
-1.24309  0.566567  0 
-1.24186  0.570571  0 
-1.24062  0.574575  0 
-1.23937  0.578579  0 
-1.23812  0.582583  0 
-1.23686  0.586587  0 
-1.23559  0.590591  0 
-1.23431  0.594595  0 
-1.23302  0.598599  0 
-1.23232  0.600739  0 
-1.23167  0.602603  0 
-1.23025  0.606607  0 
-1.22882  0.610611  0 
-1.22738  0.614615  0 
-1.22593  0.618619  0 
-1.22447  0.622623  0 
-1.223  0.626627  0 
-1.22152  0.630631  0 
-1.22004  0.634635  0 
-1.21854  0.638639  0 
-1.21704  0.642643  0 
-1.21552  0.646647  0 
-1.214  0.650651  0 
-1.21246  0.654655  0 
-1.21092  0.658659  0 
-1.20937  0.662663  0 
-1.20781  0.666667  0 
-1.20624  0.670671  0 
-1.20466  0.674675  0 
-1.20307  0.678679  0 
-1.20147  0.682683  0 
-1.19986  0.686687  0 
-1.19824  0.690691  0 
-1.19661  0.694695  0 
-1.19497  0.698699  0 
-1.19333  0.702703  0 
-1.19192  0.70611  0 
-1.19165  0.706707  0 
-1.18983  0.710711  0 
-1.188  0.714715  0 
-1.18616  0.718719  0 
-1.18431  0.722723  0 
-1.18245  0.726727  0 
-1.18058  0.730731  0 
-1.1787  0.734735  0 
-1.17681  0.738739  0 
-1.1749  0.742743  0 
-1.17299  0.746747  0 
-1.17107  0.750751  0 
-1.16914  0.754755  0 
-1.16719  0.758759  0 
-1.16524  0.762763  0 
-1.16328  0.766767  0 
-1.1613  0.770771  0 
-1.15932  0.774775  0 
-1.15733  0.778779  0 
-1.15532  0.782783  0 
-1.15331  0.786787  0 
-1.15152  0.790329  0 
-1.15126  0.790791  0 
-1.14902  0.794795  0 
-1.14678  0.798799  0 
-1.14452  0.802803  0 
-1.14225  0.806807  0 
-1.13997  0.810811  0 
-1.13768  0.814815  0 
-1.13537  0.818819  0 
-1.13306  0.822823  0 

-1.32363  0.0580581  0 
-1.32352  0.0620621  0 
-1.3234  0.0660661  0 
-1.32328  0.0700701  0 
-1.32314  0.0740741  0 
-1.323  0.0780781  0 
-1.32286  0.0820821  0 
-1.3227  0.0860861  0 
-1.32254  0.0900901  0 
-1.32237  0.0940941  0 
-1.32219  0.0980981  0 
-1.322  0.102102  0 
-1.32181  0.106106  0 
-1.32161  0.11011  0 
-1.32141  0.114114  0 
-1.32119  0.118118  0 
-1.32097  0.122122  0 
-1.32074  0.126126  0 
-1.3205  0.13013  0 
-1.32026  0.134134  0 
-1.32001  0.138138  0 
-1.31975  0.142142  0 
-1.31948  0.146146  0 
-1.31921  0.15015  0 
-1.31893  0.154154  0 
-1.31864  0.158158  0 
-1.31834  0.162162  0 
-1.31804  0.166166  0 
-1.31773  0.17017  0 
-1.31741  0.174174  0 
-1.31708  0.178178  0 
-1.31675  0.182182  0 
-1.31641  0.186186  0 
-1.31606  0.19019  0 
-1.31571  0.194194  0 
-1.31535  0.198198  0 
-1.31498  0.202202  0 
-1.3146  0.206206  0 
-1.31421  0.21021  0 
-1.31382  0.214214  0 
-1.31342  0.218218  0 
-1.31313  0.221083  0 
-1.31301  0.222222  0 
-1.31256  0.226226  0 
-1.3121  0.23023  0 
-1.31164  0.234234  0 
-1.31117  0.238238  0 
-1.31069  0.242242  0 
-1.3102  0.246246  0 
-1.30971  0.25025  0 
-1.30921  0.254254  0 
-1.30869  0.258258  0 
-1.30818  0.262262  0 
-1.30765  0.266266  0 
-1.30711  0.27027  0 
-1.30657  0.274274  0 
-1.30602  0.278278  0 
-1.30546  0.282282  0 
-1.30489  0.286286  0 
-1.30432  0.29029  0 
-1.30374  0.294294  0 
-1.30314  0.298298  0 
-1.30255  0.302302  0 
-1.30194  0.306306  0 
-1.30132  0.31031  0 
-1.3007  0.314314  0 
-1.30007  0.318318  0 
-1.29943  0.322322  0 
-1.29878  0.326326  0 
-1.29813  0.33033  0 
-1.29747  0.334334  0 
-1.2968  0.338338  0 
-1.29612  0.342342  0 
-1.29543  0.346346  0 
-1.29474  0.35035  0 
-1.29403  0.354354  0 
-1.29332  0.358358  0 
-1.2926  0.362362  0 
-1.29188  0.366366  0 
-1.29114  0.37037  0 
-1.2904  0.374374  0 
-1.28965  0.378378  0 
-1.28889  0.382382  0 
-1.28812  0.386386  0 
-1.28735  0.39039  0 
-1.28657  0.394394  0 
-1.28578  0.398398  0 
-1.28498  0.402402  0 
-1.28417  0.406406  0 
-1.28336  0.41041  0 
-1.28253  0.414414  0 
-1.2817  0.418418  0 
-1.28087  0.422422  0 
-1.28002  0.426426  0 
-1.27916  0.43043  0 
-1.2783  0.434434  0 
-1.27743  0.438438  0 
-1.27655  0.442442  0 
-1.27567  0.446446  0 

-1.29813 -0.33033  0 
-1.29878 -0.326326  0 
-1.29943 -0.322322  0 
-1.30007 -0.318318  0 
-1.3007 -0.314314  0 
-1.30132 -0.31031  0 
-1.30194 -0.306306  0 
-1.30255 -0.302302  0 
-1.30314 -0.298298  0 
-1.30374 -0.294294  0 
-1.30432 -0.29029  0 
-1.30489 -0.286286  0 
-1.30546 -0.282282  0 
-1.30602 -0.278278  0 
-1.30657 -0.274274  0 
-1.30711 -0.27027  0 
-1.30765 -0.266266  0 
-1.30818 -0.262262  0 
-1.30869 -0.258258  0 
-1.30921 -0.254254  0 
-1.30971 -0.25025  0 
-1.3102 -0.246246  0 
-1.31069 -0.242242  0 
-1.31117 -0.238238  0 
-1.31164 -0.234234  0 
-1.3121 -0.23023  0 
-1.31256 -0.226226  0 
-1.31301 -0.222222  0 
-1.31313 -0.221083  0 
-1.31342 -0.218218  0 
-1.31382 -0.214214  0 
-1.31421 -0.21021  0 
-1.3146 -0.206206  0 
-1.31498 -0.202202  0 
-1.31535 -0.198198  0 
-1.31571 -0.194194  0 
-1.31606 -0.19019  0 
-1.31641 -0.186186  0 
-1.31675 -0.182182  0 
-1.31708 -0.178178  0 
-1.31741 -0.174174  0 
-1.31773 -0.17017  0 
-1.31804 -0.166166  0 
-1.31834 -0.162162  0 
-1.31864 -0.158158  0 
-1.31893 -0.154154  0 
-1.31921 -0.15015  0 
-1.31948 -0.146146  0 
-1.31975 -0.142142  0 
-1.32001 -0.138138  0 
-1.32026 -0.134134  0 
-1.3205 -0.13013  0 
-1.32074 -0.126126  0 
-1.32097 -0.122122  0 
-1.32119 -0.118118  0 
-1.32141 -0.114114  0 
-1.32161 -0.11011  0 
-1.32181 -0.106106  0 
-1.322 -0.102102  0 
-1.32219 -0.0980981  0 
-1.32237 -0.0940941  0 
-1.32254 -0.0900901  0 
-1.3227 -0.0860861  0 
-1.32286 -0.0820821  0 
-1.323 -0.0780781  0 
-1.32314 -0.0740741  0 
-1.32328 -0.0700701  0 
-1.3234 -0.0660661  0 
-1.32352 -0.0620621  0 
-1.32363 -0.0580581  0 
-1.32374 -0.0540541  0 
-1.32383 -0.0500501  0 
-1.32392 -0.046046  0 
-1.324 -0.042042  0 
-1.32408 -0.038038  0 
-1.32414 -0.034034  0 
-1.3242 -0.03003  0 
-1.32425 -0.026026  0 
-1.3243 -0.022022  0 
-1.32434 -0.018018  0 
-1.32437 -0.014014  0 
-1.32439 -0.01001  0 
-1.3244 -0.00600601  0 
-1.32441 -0.002002  0 
-1.32441  0.002002  0 
-1.3244  0.00600601  0 
-1.32439  0.01001  0 
-1.32437  0.014014  0 
-1.32434  0.018018  0 
-1.3243  0.022022  0 
-1.32425  0.026026  0 
-1.3242  0.03003  0 
-1.32414  0.034034  0 
-1.32408  0.038038  0 
-1.324  0.042042  0 
-1.32392  0.046046  0 
-1.32383  0.0500501  0 
-1.32374  0.0540541  0 
-1.32363  0.0580581  0 

-1.18983 -0.710711  0 
-1.19165 -0.706707  0 
-1.19192 -0.70611  0 
-1.19333 -0.702703  0 
-1.19497 -0.698699  0 
-1.19661 -0.694695  0 
-1.19824 -0.690691  0 
-1.19986 -0.686687  0 
-1.20147 -0.682683  0 
-1.20307 -0.678679  0 
-1.20466 -0.674675  0 
-1.20624 -0.670671  0 
-1.20781 -0.666667  0 
-1.20937 -0.662663  0 
-1.21092 -0.658659  0 
-1.21246 -0.654655  0 
-1.214 -0.650651  0 
-1.21552 -0.646647  0 
-1.21704 -0.642643  0 
-1.21854 -0.638639  0 
-1.22004 -0.634635  0 
-1.22152 -0.630631  0 
-1.223 -0.626627  0 
-1.22447 -0.622623  0 
-1.22593 -0.618619  0 
-1.22738 -0.614615  0 
-1.22882 -0.610611  0 
-1.23025 -0.606607  0 
-1.23167 -0.602603  0 
-1.23232 -0.600739  0 
-1.23302 -0.598599  0 
-1.23431 -0.594595  0 
-1.23559 -0.590591  0 
-1.23686 -0.586587  0 
-1.23812 -0.582583  0 
-1.23937 -0.578579  0 
-1.24062 -0.574575  0 
-1.24186 -0.570571  0 
-1.24309 -0.566567  0 
-1.24431 -0.562563  0 
-1.24552 -0.558559  0 
-1.24672 -0.554555  0 
-1.24791 -0.550551  0 
-1.2491 -0.546547  0 
-1.25027 -0.542543  0 
-1.25144 -0.538539  0 
-1.2526 -0.534535  0 
-1.25375 -0.530531  0 
-1.25489 -0.526527  0 
-1.25603 -0.522523  0 
-1.25715 -0.518519  0 
-1.25827 -0.514515  0 
-1.25937 -0.510511  0 
-1.26047 -0.506507  0 
-1.26156 -0.502503  0 
-1.26264 -0.498498  0 
-1.26372 -0.494494  0 
-1.26478 -0.49049  0 
-1.26583 -0.486486  0 
-1.26688 -0.482482  0 
-1.26792 -0.478478  0 
-1.26895 -0.474474  0 
-1.26997 -0.47047  0 
-1.27098 -0.466466  0 
-1.27198 -0.462462  0 
-1.27273 -0.459474  0 
-1.27296 -0.458458  0 
-1.27387 -0.454454  0 
-1.27477 -0.45045  0 
-1.27567 -0.446446  0 
-1.27655 -0.442442  0 
-1.27743 -0.438438  0 
-1.2783 -0.434434  0 
-1.27916 -0.43043  0 
-1.28002 -0.426426  0 
-1.28087 -0.422422  0 
-1.2817 -0.418418  0 
-1.28253 -0.414414  0 
-1.28336 -0.41041  0 
-1.28417 -0.406406  0 
-1.28498 -0.402402  0 
-1.28578 -0.398398  0 
-1.28657 -0.394394  0 
-1.28735 -0.39039  0 
-1.28812 -0.386386  0 
-1.28889 -0.382382  0 
-1.28965 -0.378378  0 
-1.2904 -0.374374  0 
-1.29114 -0.37037  0 
-1.29188 -0.366366  0 
-1.2926 -0.362362  0 
-1.29332 -0.358358  0 
-1.29403 -0.354354  0 
-1.29474 -0.35035  0 
-1.29543 -0.346346  0 
-1.29612 -0.342342  0 
-1.2968 -0.338338  0 
-1.29747 -0.334334  0 
-1.29813 -0.33033  0 

-0.909091 -1.076  0 
-0.910341 -1.07508  0 
-0.915742 -1.07107  0 
-0.921122 -1.06707  0 
-0.926483 -1.06306  0 
-0.931823 -1.05906  0 
-0.937143 -1.05506  0 
-0.942442 -1.05105  0 
-0.947722 -1.04705  0 
-0.949495 -1.0457  0 
-0.952541 -1.04304  0 
-0.957118 -1.03904  0 
-0.961678 -1.03504  0 
-0.96622 -1.03103  0 
-0.970744 -1.02703  0 
-0.975251 -1.02302  0 
-0.97974 -1.01902  0 
-0.984212 -1.01502  0 
-0.988666 -1.01101  0 
-0.989899 -1.0099  0 
-0.992729 -1.00701  0 
-0.996633 -1.003  0 
-1.00052 -0.998999  0 
-1.0044 -0.994995  0 
-1.00825 -0.990991  0 
-1.0121 -0.986987  0 
-1.01592 -0.982983  0 
-1.01973 -0.978979  0 
-1.02353 -0.974975  0 
-1.02731 -0.970971  0 
-1.0303 -0.967785  0 
-1.03099 -0.966967  0 
-1.03433 -0.962963  0 
-1.03766 -0.958959  0 
-1.04098 -0.954955  0 
-1.04428 -0.950951  0 
-1.04757 -0.946947  0 
-1.05084 -0.942943  0 
-1.0541 -0.938939  0 
-1.05735 -0.934935  0 
-1.06058 -0.930931  0 
-1.0638 -0.926927  0 
-1.06701 -0.922923  0 
-1.0702 -0.918919  0 
-1.07071 -0.918276  0 
-1.07311 -0.914915  0 
-1.07595 -0.910911  0 
-1.07878 -0.906907  0 
-1.0816 -0.902903  0 
-1.08441 -0.898899  0 
-1.0872 -0.894895  0 
-1.08998 -0.890891  0 
-1.09275 -0.886887  0 
-1.09551 -0.882883  0 
-1.09825 -0.878879  0 
-1.10098 -0.874875  0 
-1.1037 -0.870871  0 
-1.10641 -0.866867  0 
-1.1091 -0.862863  0 
-1.11111 -0.859864  0 
-1.11172 -0.858859  0 
-1.11414 -0.854855  0 
-1.11654 -0.850851  0 
-1.11893 -0.846847  0 
-1.12132 -0.842843  0 
-1.12369 -0.838839  0 
-1.12605 -0.834835  0 
-1.1284 -0.830831  0 
-1.13073 -0.826827  0 
-1.13306 -0.822823  0 
-1.13537 -0.818819  0 
-1.13768 -0.814815  0 
-1.13997 -0.810811  0 
-1.14225 -0.806807  0 
-1.14452 -0.802803  0 
-1.14678 -0.798799  0 
-1.14902 -0.794795  0 
-1.15126 -0.790791  0 
-1.15152 -0.790329  0 
-1.15331 -0.786787  0 
-1.15532 -0.782783  0 
-1.15733 -0.778779  0 
-1.15932 -0.774775  0 
-1.1613 -0.770771  0 
-1.16328 -0.766767  0 
-1.16524 -0.762763  0 
-1.16719 -0.758759  0 
-1.16914 -0.754755  0 
-1.17107 -0.750751  0 
-1.17299 -0.746747  0 
-1.1749 -0.742743  0 
-1.17681 -0.738739  0 
-1.1787 -0.734735  0 
-1.18058 -0.730731  0 
-1.18245 -0.726727  0 
-1.18431 -0.722723  0 
-1.18616 -0.718719  0 
-1.188 -0.714715  0 
-1.18983 -0.710711  0 

 0.0417226 -0.978979  0 
 0.033825 -0.982983  0 
 0.0258951 -0.986987  0 
 0.020202 -0.98985  0 
 0.0179442 -0.990991  0 
 0.00998904 -0.994995  0 
 0.00200182 -0.998999  0 
-0.00601748 -1.003  0 
-0.0140689 -1.00701  0 
-0.020202 -1.01004  0 
-0.0221619 -1.01101  0 
-0.0303174 -1.01502  0 
-0.0385051 -1.01902  0 
-0.0467251 -1.02302  0 
-0.0549773 -1.02703  0 
-0.0606061 -1.02975  0 
-0.0633015 -1.03103  0 
-0.0717428 -1.03504  0 
-0.0802169 -1.03904  0 
-0.0887237 -1.04304  0 
-0.0972632 -1.04705  0 
-0.10101 -1.0488  0 
-0.105959 -1.05105  0 
-0.114785 -1.05506  0 
-0.123644 -1.05906  0 
-0.132536 -1.06306  0 
-0.141414 -1.06705  0 
-0.141464 -1.06707  0 
-0.150757 -1.07107  0 
-0.160085 -1.07508  0 
-0.169448 -1.07908  0 
-0.178845 -1.08308  0 
-0.181818 -1.08435  0 
-0.188602 -1.08709  0 
-0.198545 -1.09109  0 
-0.208525 -1.0951  0 
-0.21854 -1.0991  0 
-0.222222 -1.10057  0 
-0.22901 -1.1031  0 
-0.239759 -1.10711  0 
-0.250547 -1.11111  0 
-0.261375 -1.11512  0 
-0.262626 -1.11558  0 
-0.273046 -1.11912  0 
-0.284866 -1.12312  0 
-0.296727 -1.12713  0 
-0.30303 -1.12925  0 
-0.30923 -1.13113  0 
-0.322454 -1.13514  0 
-0.335726 -1.13914  0 
-0.343434 -1.14146  0 
-0.349819 -1.14314  0 
-0.365029 -1.14715  0 
-0.380293 -1.15115  0 
-0.383838 -1.15208  0 
-0.397758 -1.15516  0 
-0.415933 -1.15916  0 
-0.424242 -1.16098  0 
-0.43668 -1.16316  0 
-0.459605 -1.16717  0 
-0.464646 -1.16804  0 
-0.489483 -1.17117  0 
-0.505051 -1.17312  0 
-0.533043 -1.17518  0 
-0.545455 -1.17608  0 
-0.585859 -1.17676  0 
-0.62238 -1.17518  0 
-0.626263 -1.17501  0 
-0.661664 -1.17117  0 
-0.666667 -1.17063  0 
-0.686127 -1.16717  0 
-0.707071 -1.16343  0 
-0.708131 -1.16316  0 
-0.723967 -1.15916  0 
-0.739749 -1.15516  0 
-0.747475 -1.15319  0 
-0.753589 -1.15115  0 
-0.765565 -1.14715  0 
-0.777499 -1.14314  0 
-0.787879 -1.13965  0 
-0.789091 -1.13914  0 
-0.798582 -1.13514  0 
-0.808041 -1.13113  0 
-0.817465 -1.12713  0 
-0.826857 -1.12312  0 
-0.828283 -1.12251  0 
-0.834842 -1.11912  0 
-0.842553 -1.11512  0 
-0.850236 -1.11111  0 
-0.857891 -1.10711  0 
-0.865519 -1.1031  0 
-0.868687 -1.10143  0 
-0.872438 -1.0991  0 
-0.878847 -1.0951  0 
-0.885233 -1.09109  0 
-0.891596 -1.08709  0 
-0.897935 -1.08308  0 
-0.90425 -1.07908  0 
-0.909091 -1.076  0 

 0.884138 -0.898899  0 
 0.878899 -0.894895  0 
 0.873682 -0.890891  0 
 0.868687 -0.887039  0 
 0.868454 -0.886887  0 
 0.862346 -0.882883  0 
 0.856266 -0.878879  0 
 0.850213 -0.874875  0 
 0.844188 -0.870871  0 
 0.838191 -0.866867  0 
 0.832222 -0.862863  0 
 0.828283 -0.860209  0 
 0.82586 -0.858859  0 
 0.818708 -0.854855  0 
 0.811589 -0.850851  0 
 0.804504 -0.846847  0 
 0.797452 -0.842843  0 
 0.790434 -0.838839  0 
 0.787879 -0.837374  0 
 0.782348 -0.834835  0 
 0.773668 -0.830831  0 
 0.76503 -0.826827  0 
 0.756434 -0.822823  0 
 0.74788 -0.818819  0 
 0.747475 -0.818628  0 
 0.736865 -0.814815  0 
 0.72578 -0.810811  0 
 0.714749 -0.806807  0 
 0.707071 -0.804006  0 
 0.702414 -0.802803  0 
 0.68699 -0.798799  0 
 0.671643 -0.794795  0 
 0.666667 -0.79349  0 
 0.649828 -0.790791  0 
 0.626263 -0.786994  0 
 0.623066 -0.786787  0 
 0.585859 -0.784361  0 
 0.545455 -0.785383  0 
 0.532635 -0.786787  0 
 0.505051 -0.789793  0 
 0.499702 -0.790791  0 
 0.478134 -0.794795  0 
 0.464646 -0.797286  0 
 0.458724 -0.798799  0 
 0.442967 -0.802803  0 
 0.427132 -0.806807  0 
 0.424242 -0.807534  0 
 0.413846 -0.810811  0 
 0.401079 -0.814815  0 
 0.38825 -0.818819  0 
 0.383838 -0.820189  0 
 0.376666 -0.822823  0 
 0.36571 -0.826827  0 
 0.354701 -0.830831  0 
 0.343639 -0.834835  0 
 0.343434 -0.834909  0 
 0.333848 -0.838839  0 
 0.324034 -0.842843  0 
 0.314174 -0.846847  0 
 0.304268 -0.850851  0 
 0.30303 -0.851349  0 
 0.295157 -0.854855  0 
 0.286124 -0.858859  0 
 0.277049 -0.862863  0 
 0.267931 -0.866867  0 
 0.262626 -0.869186  0 
 0.259069 -0.870871  0 
 0.250579 -0.874875  0 
 0.24205 -0.878879  0 
 0.233481 -0.882883  0 
 0.224874 -0.886887  0 
 0.222222 -0.888115  0 
 0.216596 -0.890891  0 
 0.208445 -0.894895  0 
 0.200256 -0.898899  0 
 0.192032 -0.902903  0 
 0.18377 -0.906907  0 
 0.181818 -0.907849  0 
 0.175776 -0.910911  0 
 0.16784 -0.914915  0 
 0.15987 -0.918919  0 
 0.151864 -0.922923  0 
 0.143824 -0.926927  0 
 0.141414 -0.928122  0 
 0.135953 -0.930931  0 
 0.128134 -0.934935  0 
 0.120282 -0.938939  0 
 0.112396 -0.942943  0 
 0.104476 -0.946947  0 
 0.10101 -0.948692  0 
 0.0966354 -0.950951  0 
 0.0888484 -0.954955  0 
 0.0810287 -0.958959  0 
 0.0731763 -0.962963  0 
 0.0652912 -0.966967  0 
 0.0606061 -0.969336  0 
 0.0574211 -0.970971  0 
 0.049588 -0.974975  0 
 0.0417226 -0.978979  0 

 1.21666 -1.25926  0 
 1.21371 -1.25526  0 
 1.21076 -1.25125  0 
 1.20783 -1.24725  0 
 1.2049 -1.24324  0 
 1.20199 -1.23924  0 
 1.19908 -1.23524  0 
 1.19618 -1.23123  0 
 1.19329 -1.22723  0 
 1.19192 -1.22532  0 
 1.19027 -1.22322  0 
 1.18714 -1.21922  0 
 1.18401 -1.21522  0 
 1.1809 -1.21121  0 
 1.17779 -1.20721  0 
 1.1747 -1.2032  0 
 1.17162 -1.1992  0 
 1.16854 -1.1952  0 
 1.16548 -1.19119  0 
 1.16243 -1.18719  0 
 1.15938 -1.18318  0 
 1.15635 -1.17918  0 
 1.15333 -1.17518  0 
 1.15152 -1.17276  0 
 1.1502 -1.17117  0 
 1.1469 -1.16717  0 
 1.14362 -1.16316  0 
 1.14034 -1.15916  0 
 1.13708 -1.15516  0 
 1.13383 -1.15115  0 
 1.13059 -1.14715  0 
 1.12736 -1.14314  0 
 1.12414 -1.13914  0 
 1.12094 -1.13514  0 
 1.11774 -1.13113  0 
 1.11456 -1.12713  0 
 1.11138 -1.12312  0 
 1.11111 -1.12278  0 
 1.10792 -1.11912  0 
 1.10444 -1.11512  0 
 1.10097 -1.11111  0 
 1.09752 -1.10711  0 
 1.09407 -1.1031  0 
 1.09064 -1.0991  0 
 1.08723 -1.0951  0 
 1.08382 -1.09109  0 
 1.08043 -1.08709  0 
 1.07705 -1.08308  0 
 1.07368 -1.07908  0 
 1.07071 -1.07553  0 
 1.07028 -1.07508  0 
 1.06656 -1.07107  0 
 1.06286 -1.06707  0 
 1.05917 -1.06306  0 
 1.05549 -1.05906  0 
 1.05183 -1.05506  0 
 1.04818 -1.05105  0 
 1.04455 -1.04705  0 
 1.04093 -1.04304  0 
 1.03732 -1.03904  0 
 1.03373 -1.03504  0 
 1.0303 -1.03121  0 
 1.03013 -1.03103  0 
 1.02613 -1.02703  0 
 1.02215 -1.02302  0 
 1.01818 -1.01902  0 
 1.01423 -1.01502  0 
 1.01029 -1.01101  0 
 1.00637 -1.00701  0 
 1.00247 -1.003  0 
 0.998581 -0.998999  0 
 0.994708 -0.994995  0 
 0.99085 -0.990991  0 
 0.989899 -0.99  0 
 0.986627 -0.986987  0 
 0.982296 -0.982983  0 
 0.977983 -0.978979  0 
 0.973687 -0.974975  0 
 0.96941 -0.970971  0 
 0.965149 -0.966967  0 
 0.960906 -0.962963  0 
 0.956681 -0.958959  0 
 0.952474 -0.954955  0 
 0.949495 -0.952108  0 
 0.948109 -0.950951  0 
 0.943333 -0.946947  0 
 0.938577 -0.942943  0 
 0.933842 -0.938939  0 
 0.929126 -0.934935  0 
 0.924431 -0.930931  0 
 0.919756 -0.926927  0 
 0.915101 -0.922923  0 
 0.910466 -0.918919  0 
 0.909091 -0.917726  0 
 0.905331 -0.914915  0 
 0.899997 -0.910911  0 
 0.894688 -0.906907  0 
 0.889401 -0.902903  0 
 0.884138 -0.898899  0 

 1.45914 -1.62763  0 
 1.4567 -1.62362  0 
 1.45427 -1.61962  0 
 1.45185 -1.61562  0 
 1.44943 -1.61161  0 
 1.44702 -1.60761  0 
 1.44462 -1.6036  0 
 1.44222 -1.5996  0 
 1.43983 -1.5956  0 
 1.43744 -1.59159  0 
 1.43506 -1.58759  0 
 1.43434 -1.58638  0 
 1.43257 -1.58358  0 
 1.43004 -1.57958  0 
 1.42751 -1.57558  0 
 1.42499 -1.57157  0 
 1.42248 -1.56757  0 
 1.41997 -1.56356  0 
 1.41747 -1.55956  0 
 1.41498 -1.55556  0 
 1.41249 -1.55155  0 
 1.41001 -1.54755  0 
 1.40753 -1.54354  0 
 1.40506 -1.53954  0 
 1.4026 -1.53554  0 
 1.40014 -1.53153  0 
 1.39769 -1.52753  0 
 1.39525 -1.52352  0 
 1.39394 -1.52137  0 
 1.39273 -1.51952  0 
 1.39012 -1.51552  0 
 1.38752 -1.51151  0 
 1.38493 -1.50751  0 
 1.38234 -1.5035  0 
 1.37976 -1.4995  0 
 1.37719 -1.4955  0 
 1.37463 -1.49149  0 
 1.37207 -1.48749  0 
 1.36952 -1.48348  0 
 1.36697 -1.47948  0 
 1.36443 -1.47548  0 
 1.3619 -1.47147  0 
 1.35938 -1.46747  0 
 1.35686 -1.46346  0 
 1.35435 -1.45946  0 
 1.35354 -1.45816  0 
 1.35172 -1.45546  0 
 1.34903 -1.45145  0 
 1.34636 -1.44745  0 
 1.34368 -1.44344  0 
 1.34102 -1.43944  0 
 1.33836 -1.43544  0 
 1.33572 -1.43143  0 
 1.33307 -1.42743  0 
 1.33044 -1.42342  0 
 1.32781 -1.41942  0 
 1.3252 -1.41542  0 
 1.32258 -1.41141  0 
 1.31998 -1.40741  0 
 1.31738 -1.4034  0 
 1.31479 -1.3994  0 
 1.31313 -1.39682  0 
 1.31214 -1.3954  0 
 1.30936 -1.39139  0 
 1.30659 -1.38739  0 
 1.30382 -1.38338  0 
 1.30107 -1.37938  0 
 1.29832 -1.37538  0 
 1.29558 -1.37137  0 
 1.29285 -1.36737  0 
 1.29013 -1.36336  0 
 1.28742 -1.35936  0 
 1.28471 -1.35536  0 
 1.28201 -1.35135  0 
 1.27932 -1.34735  0 
 1.27663 -1.34334  0 
 1.27396 -1.33934  0 
 1.27273 -1.33749  0 
 1.27117 -1.33534  0 
 1.26829 -1.33133  0 
 1.26542 -1.32733  0 
 1.26256 -1.32332  0 
 1.2597 -1.31932  0 
 1.25686 -1.31532  0 
 1.25402 -1.31131  0 
 1.25119 -1.30731  0 
 1.24837 -1.3033  0 
 1.24556 -1.2993  0 
 1.24276 -1.2953  0 
 1.23996 -1.29129  0 
 1.23718 -1.28729  0 
 1.2344 -1.28328  0 
 1.23232 -1.28028  0 
 1.23157 -1.27928  0 
 1.22857 -1.27528  0 
 1.22558 -1.27127  0 
 1.2226 -1.26727  0 
 1.21963 -1.26326  0 
 1.21666 -1.25926  0 

 1.67158 -2  0 
 1.66936 -1.996  0 
 1.66716 -1.99199  0 
 1.66495 -1.98799  0 
 1.66275 -1.98398  0 
 1.66056 -1.97998  0 
 1.65837 -1.97598  0 
 1.65619 -1.97197  0 
 1.654 -1.96797  0 
 1.65183 -1.96396  0 
 1.64966 -1.95996  0 
 1.64749 -1.95596  0 
 1.64532 -1.95195  0 
 1.64317 -1.94795  0 
 1.64101 -1.94394  0 
 1.63886 -1.93994  0 
 1.63672 -1.93594  0 
 1.63636 -1.93528  0 
 1.63447 -1.93193  0 
 1.63221 -1.92793  0 
 1.62995 -1.92392  0 
 1.6277 -1.91992  0 
 1.62546 -1.91592  0 
 1.62321 -1.91191  0 
 1.62098 -1.90791  0 
 1.61874 -1.9039  0 
 1.61652 -1.8999  0 
 1.61429 -1.8959  0 
 1.61207 -1.89189  0 
 1.60986 -1.88789  0 
 1.60765 -1.88388  0 
 1.60545 -1.87988  0 
 1.60325 -1.87588  0 
 1.60105 -1.87187  0 
 1.59886 -1.86787  0 
 1.59668 -1.86386  0 
 1.59596 -1.86255  0 
 1.59441 -1.85986  0 
 1.5921 -1.85586  0 
 1.5898 -1.85185  0 
 1.5875 -1.84785  0 
 1.58521 -1.84384  0 
 1.58292 -1.83984  0 
 1.58064 -1.83584  0 
 1.57836 -1.83183  0 
 1.57609 -1.82783  0 
 1.57383 -1.82382  0 
 1.57156 -1.81982  0 
 1.56931 -1.81582  0 
 1.56705 -1.81181  0 
 1.56481 -1.80781  0 
 1.56256 -1.8038  0 
 1.56033 -1.7998  0 
 1.55809 -1.7958  0 
 1.55587 -1.79179  0 
 1.55556 -1.79123  0 
 1.55353 -1.78779  0 
 1.55117 -1.78378  0 
 1.54882 -1.77978  0 
 1.54648 -1.77578  0 
 1.54414 -1.77177  0 
 1.5418 -1.76777  0 
 1.53948 -1.76376  0 
 1.53715 -1.75976  0 
 1.53483 -1.75576  0 
 1.53252 -1.75175  0 
 1.53021 -1.74775  0 
 1.52791 -1.74374  0 
 1.52561 -1.73974  0 
 1.52332 -1.73574  0 
 1.52104 -1.73173  0 
 1.51876 -1.72773  0 
 1.51648 -1.72372  0 
 1.51515 -1.72138  0 
 1.51415 -1.71972  0 
 1.51174 -1.71572  0 
 1.50933 -1.71171  0 
 1.50693 -1.70771  0 
 1.50454 -1.7037  0 
 1.50215 -1.6997  0 
 1.49977 -1.6957  0 
 1.49739 -1.69169  0 
 1.49502 -1.68769  0 
 1.49265 -1.68368  0 
 1.49029 -1.67968  0 
 1.48794 -1.67568  0 
 1.48559 -1.67167  0 
 1.48324 -1.66767  0 
 1.4809 -1.66366  0 
 1.47857 -1.65966  0 
 1.47625 -1.65566  0 
 1.47475 -1.65307  0 
 1.47387 -1.65165  0 
 1.4714 -1.64765  0 
 1.46893 -1.64364  0 
 1.46648 -1.63964  0 
 1.46402 -1.63564  0 
 1.46158 -1.63163  0 
 1.45914 -1.62763  0 

